[5, 3],
[2, 0],
[5, 2],
[3, 2],
[2, 5],
[3, 5],
[4, 0],
[2, 2],
[0, 2],
[1, 0],
[0, 1],
[0, 4],
[0, 2],
[0, 2],
[0, 2],
[2, 2],
[2, 2],
[1, 5],
[0, 2],
[1, 0],
[0, 5],
[1, 5],
[1, 4],
[3, 3],
[0, 5],
[4, 5],
[1, 2],
[0, 0],
[5, 2],
[5, 5],
[3, 1],
[3, 5],
[0, 4],
[1, 4],
[5, 1],
[0, 3],
[2, 5],
[0, 1],
[2, 0],
[0, 5],
[3, 0],
[4, 2],
[1, 0],
[5, 3],
[5, 3],
[1, 2],
[1, 2],
[3, 0],
[4, 0],
[3, 0],
[10, 5],
[7, 8],
[8, 10],
[6, 10],
[10, 5],
[10, 6],
[7, 9],
[10, 6],
[5, 7],
[5, 10],
[9, 9],
[10, 8],
[10, 5],
[5, 9],
[9, 7],
[10, 9],
[5, 7],
[7, 10],
[9, 6],
[8, 9],
[10, 9],
[5, 9],
[8, 6],
[6, 5],
[7, 8],
[9, 8],
[10, 10],
[9, 5],
[6, 7],
[7, 8],
[7, 6],
[7, 6],
[7, 6],
[6, 10],
[8, 8],
[7, 9],
[9, 6],
[6, 6],
[8, 10],
[5, 9],
[6, 6],
[9, 6],
[10, 9],
[8, 10],
[10, 7],
[7, 5],
[6, 9],
[6, 9],
[5, 10],
[9, 6],
